3.6164
3.7291
7.3479
7.6063
6.38
8.0538
7.0587
5.6546
2.8871
7.1068
5.979
8.7279
8.7568
8.193
7.6945
2.3276
7.6083
4.4688
10.797
5.6294
7.0903
8.5564
6.7299
5.176
6.716
3.7128
6.1485
6.3257
5.4758
9.7854
5.2279
2.9787
8.8031
6.2903
6.2289
1.8125
4.2002
5.8873
4.6866
7.508
7.6305
6.4161
8.7467
8.3474
8.0322
5.2507
9.0618
5.9281
10.936
7.1646
9.5568
6.0621
3.5159
6.1423
6.4661
6.1379
5.0806
3.1002
8.3849
4.8816
6.2483
4.2451
7.7755
10.009
8.4911
6.3542
6.1557
6.4286
6.4632
4.9185
4.532
6.198
2.9818
3.3898
10.209
7.881
7.1335
3.3353
9.707
8.9847
7.3817
9.4795
0.65865
8.3511
7.0323
7.8906
6.9775
4.6266
7.887
6.4238
9.0924
7.9021
7.882
4.9247
7.9382
6.3372
3.3566
7.4482
2.7071
4.3643
9.2086
5.4386
7.222
3.0158
4.9604
7.4384
6.1378
6.1826
5.6296
7.3025
6.3075
2.0497
7.8202
6.4941
4.6965
8.8293
5.0001
9.4302
2.1181
5.5754
8.9945
6.6446
8.7041
6.4516
6.2465
7.1803
6.7187
8.1988
6.2212
7.4903
6.5154
5.8564
6.4619
6.5624
1.7918
8.4332
6.174
7.8303
6.0155
10.303
6.7346
9.5276
4.2981
5.7607
7.356
5.2369
3.1562
11.168
10.389
10.218
4.4887
8.0837
5.7798
4.7272
6.9738
6.6312
6.5793
7.3783
6.1803
8.0836
8.0169
3.8234
5.9761
6.5981
8.4733
8.2471
6.7913
5.3493
1.252
6.0575
5.5146
4.4082
10.233
7.6833
2.5951
4.9036
4.961
7.4153
7.3091
4.737
5.4241
7.3818
5.9641
5.5888
3.8809
7.19
10.33
4.8087
9.3664
7.5805
7.5041
5.1186
1.6688
6.8818
8.4343
6.0208
2.9845
2.6244
9.3968
8.9529
